1370	468	28
0.9950174689292908	1.4999873638153076	-0.033195942640304565	0.9411985874176025	0.39734748005867004	1.0	7	0.0	0	0.0	0	8.04475257609738e-06	-0.9483461380004883	-0.3172374963760376	2.375928124820348e-05	0.3172374963760376	-0.9483461976051331	1.0	9.187579053104855e-08	2.5084116714424454e-05
0.6939920783042908	1.3828622102737427	0.31692901253700256	0.8833814263343811	0.3502083420753479	1.0	7	0.0	0	0.0	0	8.04475257609738e-06	-0.9483461380004883	-0.3172374963760376	2.375928124820348e-05	0.3172374665737152	-0.9483461380004883	1.0	9.187488103634678e-08	2.5084118533413857e-05
0.693999707698822	1.4999876022338867	-0.03320428729057312	0.9411986470222473	0.3502081632614136	1.0	7	0.0	0	0.0	0	8.04475257609738e-06	-0.9483461380004883	-0.3172374963760376	2.375928124820348e-05	0.3172374963760376	-0.9483461380004883	1.0	9.187488103634678e-08	2.5084118533413857e-05
-0.6773315072059631	1.4377387762069702	0.33574482798576355	0.6660091280937195	0.12306701391935349	1.0	3	0.0	0	0.0	0	1.0	3.6258970794733614e-06	-2.0066960132680833e-05	-2.0170733478153124e-05	0.3204256296157837	-0.9472736716270447	2.9952516342746094e-06	0.9472736716270447	0.3204256296157837
-0.6773391366004944	1.4999876022338867	-0.03320428729057312	0.7238636612892151	0.11378783732652664	1.0	3	0.0	0	0.0	0	1.0	3.6258970794733614e-06	-2.0066960132680833e-05	-2.0170733478153124e-05	0.3204256296157837	-0.9472736120223999	2.995251406900934e-06	0.9472736120223999	0.3204256296157837
-0.6773400902748108	1.6990995407104492	-0.044751375913619995	0.7355677485466003	0.1427452564239502	1.0	3	0.0	0	0.0	0	1.0	3.6258970794733614e-06	-2.0066960132680833e-05	-2.0170733478153124e-05	0.3204256594181061	-0.9472737312316895	2.9952523163956357e-06	0.9472737312316895	0.3204256594181061
-0.6773391366004944	1.4999876022338867	-0.03320428729057312	0.8527413010597229	0.8888154625892639	1.0	3	0.0	0	0.0	0	-2.7675045203068294e-05	-0.05789567530155182	-0.9983226656913757	0.9255762100219727	0.37792494893074036	-0.021942641586065292	0.37856143712997437	-0.9240242838859558	0.05357639864087105
-0.9783568978309631	1.6990995407104492	-0.04474303126335144	0.8209339380264282	0.8420616984367371	1.0	3	0.0	0	0.0	0	-2.7675045203068294e-05	-0.05789567530155182	-0.9983226656913757	0.9255762100219727	0.37792500853538513	-0.02194264344871044	0.37856149673461914	-0.9240242838859558	0.05357639864087105
-0.6773400902748108	1.6990995407104492	-0.044751375913619995	0.8645647764205933	0.8599066734313965	1.0	3	0.0	0	0.0	0	-2.7675045203068294e-05	-0.05789567530155182	-0.9983226656913757	0.9255762100219727	0.37792494893074036	-0.021942641586065292	0.37856143712997437	-0.9240242838859558	0.05357639864087105
-0.7071700692176819	1.2238118648529053	0.01677754521369934	0.01067361794412136	0.6621376872062683	1.0	3	0.0	0	0.0	0	-2.883980232581962e-05	-0.07904963940382004	-0.9968706965446472	-0.9903149008750916	-0.13840267062187195	0.011003675870597363	-0.13883942365646362	0.9872162938117981	-0.07828004658222198
-0.946162760257721	1.5237195491790771	-0.006997555494308472	0.041196227073669434	0.7139905095100403	1.0	3	0.0	0	0.0	0	-2.883980232581962e-05	-0.07904963940382004	-0.9968706965446472	-0.9903149604797363	-0.13840267062187195	0.011003675870597363	-0.13883940875530243	0.9872162342071533	-0.07828004658222198
-0.7071700692176819	1.5237195491790771	-0.007004469633102417	0.004132477566599846	0.708794355392456	1.0	3	0.0	0	0.0	0	-2.883980232581962e-05	-0.07904963940382004	-0.9968706965446472	-0.9903149008750916	-0.13840267062187195	0.011003675870597363	-0.13883942365646362	0.9872162938117981	-0.07828004658222198
-0.6773315072059631	1.3828622102737427	0.31692901253700256	0.9136934280395508	0.6881468892097473	1.0	3	0.0	0	0.0	0	-8.043156412895769e-06	-0.9483461380004883	-0.3172374963760376	-2.0664434487116523e-05	0.3172374963760376	-0.9483461976051331	1.0	-1.072163286153227e-06	-2.214862615801394e-05
-0.9783568978309631	1.4999873638153076	-0.033195942640304565	0.9715104103088379	0.6410075426101685	1.0	3	0.0	0	0.0	0	-8.043156412895769e-06	-0.9483461380004883	-0.3172374963760376	-2.0664434487116523e-05	0.3172374963760376	-0.9483461976051331	1.0	-1.072163286153227e-06	-2.214862615801394e-05
-0.6773391366004944	1.4999876022338867	-0.03320428729057312	0.971510648727417	0.6881468892097473	1.0	3	0.0	0	0.0	0	-8.043156412895769e-06	-0.9483461380004883	-0.3172374963760376	-2.066443266812712e-05	0.3172374963760376	-0.9483461380004883	1.0	-1.072163740900578e-06	-2.214862615801394e-05
-0.9783492684364319	1.4377387762069702	0.3357532322406769	0.7512944936752319	0.8614522814750671	1.0	3	0.0	0	0.0	0	-1.0	-6.702463451802032e-06	1.9547882402548566e-05	-2.066501292574685e-05	0.32433944940567017	-0.9459408521652222	-1.591615901574972e-11	-0.9459408521652222	-0.32433944940567017
-0.9783568978309631	1.4999873638153076	-0.033195942640304565	0.8091102242469788	0.870970606803894	1.0	3	0.0	0	0.0	0	-1.0	-6.702463451802032e-06	1.9547882402548566e-05	-2.0665011106757447e-05	0.32433944940567017	-0.9459407925605774	-1.5916157281026244e-11	-0.9459407925605774	-0.32433944940567017
-0.9783492684364319	1.3828622102737427	0.31693747639656067	0.7512944936752319	0.8705370426177979	1.0	3	0.0	0	0.0	0	-1.0	-6.702463451802032e-06	1.9547882402548566e-05	-2.0665011106757447e-05	0.3243394196033478	-0.9459407925605774	-1.546140993013978e-11	-0.9459407925605774	-0.3243394196033478
-0.6773315072059631	1.4377387762069702	0.33574482798576355	0.6660091280937195	0.12306701391935349	1.0	3	0.0	0	0.0	0	2.6597463147481903e-05	-0.3243396282196045	0.9459406733512878	0.9999915361404419	-0.0039025198202580214	-0.0013661945704370737	0.004134662915021181	0.9459326267242432	0.3243367671966553
-0.9783492684364319	1.3828622102737427	0.31693747639656067	0.6189078092575073	0.11378783732652664	1.0	3	0.0	0	0.0	0	2.6597463147481903e-05	-0.3243396282196045	0.9459406733512878	0.9999914765357971	-0.0039025191217660904	-0.00136619433760643	0.004134662449359894	0.9459326863288879	0.3243367671966553
-0.6773315072059631	1.3828622102737427	0.31692901253700256	0.666046679019928	0.11398231238126755	1.0	3	0.0	0	0.0	0	2.6597463147481903e-05	-0.3243396282196045	0.9459406733512878	0.9999914765357971	-0.0039025191217660904	-0.00136619433760643	0.004134662449359894	0.9459326863288879	0.3243367671966553
-0.9461570382118225	1.2238118648529053	0.17398139834403992	0.07231006026268005	0.6688140034675598	1.0	3	0.0	0	0.0	0	-1.0	2.886278480218607e-06	3.640016075223684e-05	3.6160774470772594e-05	-0.06012465059757233	0.9981908798217773	5.069603503216058e-06	0.9981908798217773	0.06012465059757233
-0.946162760257721	1.5237195491790771	-0.006997555494308472	0.041196227073669434	0.7139905095100403	1.0	3	0.0	0	0.0	0	-1.0	2.886278480218607e-06	3.640016075223684e-05	3.6160774470772594e-05	-0.060124658048152924	0.9981909394264221	5.069603957963409e-06	0.9981909394264221	0.060124658048152924
-0.946162760257721	1.2238118648529053	0.016783028841018677	0.04773737117648125	0.6673339009284973	1.0	3	0.0	0	0.0	0	-1.0	2.886278480218607e-06	3.640016075223684e-05	3.6160774470772594e-05	-0.06012464687228203	0.9981908798217773	5.069603503216058e-06	0.9981908798217773	0.06012464687228203
-0.682561457157135	1.2722060680389404	0.20627591013908386	0.8141857385635376	0.6977320909500122	1.0	3	0.0	0	0.0	0	0.9956722855567932	0.09293407946825027	-2.923498504969757e-05	-3.185137393302284e-05	2.666993168531917e-05	-1.0	-0.09293407946825027	0.9956722855567932	2.9514589186874218e-05
-0.674692690372467	1.1878278255462646	-0.029806822538375854	0.8511559367179871	0.6844600439071655	1.0	3	0.0	0	0.0	0	0.9956722855567932	0.09293407946825027	-2.923498504969757e-05	-3.185137393302284e-05	2.666993168531917e-05	-1.0	-0.09293407946825027	0.9956722855567932	2.9514589186874218e-05
-0.6825681328773499	1.2722060680389404	-0.021078795194625854	0.8497895002365112	0.6977311372756958	1.0	3	0.0	0	0.0	0	0.9956722855567932	0.09293407946825027	-2.923498504969757e-05	-3.185137393302284e-05	2.6669929866329767e-05	-1.0	-0.09293407946825027	0.9956722855567932	2.9514587367884815e-05
-0.7093730568885803	1.1672282218933105	0.1690445840358734	0.9812719225883484	0.3565904200077057	1.0	3	0.0	0	0.0	0	8.593351594754495e-06	-0.91253262758255	0.4090041518211365	0.12993019819259644	0.40553808212280273	0.9047967195510864	-0.9915231466293335	0.05313420668244362	0.118569016456604
-0.9789043068885803	1.1878278255462646	0.21501019597053528	0.9891476631164551	0.39941149950027466	1.0	3	0.0	0	0.0	0	8.593351594754495e-06	-0.91253262758255	0.4090041518211365	0.12993019819259644	0.40553808212280273	0.9047967195510864	-0.9915231466293335	0.05313420668244362	0.118569016456604
-0.9479594826698303	1.1672284603118896	0.16905012726783752	0.9810991287231445	0.3935892581939697	1.0	3	0.0	0	0.0	0	8.593351594754495e-06	-0.91253262758255	0.4090041518211365	0.12993019819259644	0.40553808212280273	0.9047967195510864	-0.9915231466293335	0.05313420668244362	0.118569016456604
-0.7071643471717834	1.5237197875976562	0.2102607786655426	0.11251664161682129	0.7137827277183533	1.0	3	0.0	0	0.0	0	2.314605808351189e-05	-0.12011109292507172	0.9927604794502258	0.9981858730316162	0.05977454036474228	0.007208668626844883	-0.06020764261484146	0.9909592866897583	0.11989457905292511
-0.9461570382118225	1.2238118648529053	0.17398139834403992	0.07231006026268005	0.6688140034675598	1.0	3	0.0	0	0.0	0	2.314605808351189e-05	-0.12011109292507172	0.9927604794502258	0.9981858730316162	0.05977454409003258	0.00720866909250617	-0.06020764261484146	0.9909592866897583	0.11989457905292511
-0.7071643471717834	1.2238121032714844	0.1739758551120758	0.10966835916042328	0.6665605902671814	1.0	3	0.0	0	0.0	0	2.314605808351189e-05	-0.12011109292507172	0.9927604794502258	0.9981858730316162	0.05977454409003258	0.00720866909250617	-0.06020764261484146	0.9909592866897583	0.11989457905292511
-0.7071643471717834	1.2238121032714844	0.1739758551120758	0.10966835916042328	0.6665605902671814	1.0	3	0.0	0	0.0	0	1.0	3.1863960430200677e-06	-2.6336685550631955e-05	-2.648062218213454e-05	0.17966242134571075	-0.9837284088134766	1.5971643279044656e-06	0.9837284088134766	0.17966242134571075
-0.7071700692176819	1.5237195491790771	-0.007004469633102417	0.14598669111728668	0.7076699137687683	1.0	3	0.0	0	0.0	0	1.0	3.1863960430200677e-06	-2.6336685550631955e-05	-2.6480620363145135e-05	0.17966240644454956	-0.9837283492088318	1.5971641005307902e-06	0.9837283492088318	0.17966240644454956
-0.7071643471717834	1.5237197875976562	0.2102607786655426	0.11251664161682129	0.7137827277183533	1.0	3	0.0	0	0.0	0	1.0	3.1863960430200677e-06	-2.6336685550631955e-05	-2.648062218213454e-05	0.17966240644454956	-0.9837284088134766	1.5971643279044656e-06	0.9837284088134766	0.17966240644454956
-0.9789109826087952	1.1878278255462646	-0.029800623655319214	0.9495219588279724	0.3993775546550751	1.0	3	0.0	0	0.0	0	-8.449295819445979e-06	-0.9039539098739624	-0.42762991786003113	-0.16399331390857697	-0.4218392074108124	0.8917163014411926	-0.9864615201950073	0.07013598084449768	-0.14823883771896362
-0.7093787789344788	1.1672284603118896	0.013738423585891724	0.9569721221923828	0.35690808296203613	1.0	3	0.0	0	0.0	0	-8.449295819445979e-06	-0.9039539098739624	-0.42762991786003113	-0.16399332880973816	-0.4218392074108124	0.8917163014411926	-0.9864614009857178	0.07013598084449768	-0.14823883771896362
-0.9479642510414124	1.1672279834747314	0.013744145631790161	0.9571700096130371	0.3934166133403778	1.0	3	0.0	0	0.0	0	-8.449295819445979e-06	-0.9039539098739624	-0.42762991786003113	-0.16399332880973816	-0.4218392074108124	0.8917163014411926	-0.9864614009857178	0.07013598084449768	-0.14823883771896362
-0.9789043068885803	1.1878278255462646	0.21501019597053528	0.7043164372444153	0.9639204144477844	1.0	3	0.0	0	0.0	0	-0.9956728219985962	0.09292829781770706	2.7150414098287e-05	-2.9724560590693727e-05	-2.6316236471757293e-05	-1.0	-0.09292829781770706	-0.9956728219985962	2.8964615921722725e-05
-0.9710355401039124	1.2722060680389404	-0.021072834730148315	0.74128657579422	0.9506483674049377	1.0	3	0.0	0	0.0	0	-0.9956728219985962	0.09292829781770706	2.7150414098287e-05	-2.9724560590693727e-05	-2.631623465276789e-05	-1.0	-0.09292829781770706	-0.9956728219985962	2.8964612283743918e-05
-0.9789109826087952	1.1878278255462646	-0.029800623655319214	0.7426537871360779	0.9639194011688232	1.0	3	0.0	0	0.0	0	-0.9956728219985962	0.09292829781770706	2.7150414098287e-05	-2.9724560590693727e-05	-2.631623465276789e-05	-1.0	-0.09292829781770706	-0.9956728219985962	2.8964612283743918e-05
-0.9710288643836975	1.2722063064575195	0.20628193020820618	0.4267686903476715	0.975162923336029	1.0	3	0.0	0	0.0	0	2.084221523546148e-05	0.10289127379655838	0.9946926236152649	1.0	4.86069836824754e-07	-2.1003701476729475e-05	-2.644587766553741e-06	0.9946926236152649	-0.10289127379655838
-0.6746860146522522	1.1878275871276855	0.2150038778781891	0.47317591309547424	0.9618787169456482	1.0	3	0.0	0	0.0	0	2.084221523546148e-05	0.10289127379655838	0.9946926236152649	1.0	4.860696662944974e-07	-2.1003701476729475e-05	-2.6445875391800655e-06	0.9946926236152649	-0.10289127379655838
-0.682561457157135	1.2722060680389404	0.20627591013908386	0.47194263339042664	0.9751628637313843	1.0	3	0.0	0	0.0	0	2.084221523546148e-05	0.10289127379655838	0.9946926236152649	1.0	4.860700073550106e-07	-2.1003701476729475e-05	-2.644587766553741e-06	0.9946926236152649	-0.10289127379655838
-0.6825681328773499	1.2722060680389404	-0.021078795194625854	0.5278480648994446	0.9618787169456482	1.0	3	0.0	0	0.0	0	-2.0552073692670092e-05	0.10288945585489273	-0.994692862033844	1.0	-8.129513034971225e-11	-2.0661738744820468e-05	-2.1259559161990182e-06	-0.994692862033844	-0.10288945585489273
-0.9789109826087952	1.1878278255462646	-0.029800623655319214	0.48144084215164185	0.9751628637313843	1.0	3	0.0	0	0.0	0	-2.0552073692670092e-05	0.10288945585489273	-0.994692862033844	1.0	-8.148229313498234e-11	-2.0661738744820468e-05	-2.125955688825343e-06	-0.9946928024291992	-0.10288944840431213
-0.9710355401039124	1.2722060680389404	-0.021072834730148315	0.48267409205436707	0.9618787169456482	1.0	3	0.0	0	0.0	0	-2.0552073692670092e-05	0.10288945585489273	-0.994692862033844	1.0	-8.148228619608844e-11	-2.0661738744820468e-05	-2.1259559161990182e-06	-0.994692862033844	-0.10288945585489273
-0.9479594826698303	1.1672284603118896	0.16905012726783752	0.9810991287231445	0.3935892581939697	1.0	3	0.0	0	0.0	0	-0.5541360974311829	-0.832426130771637	1.9568935385905206e-05	0.005755020305514336	-0.0038075405173003674	0.9999762773513794	-0.832406222820282	0.5541229844093323	0.006900524254888296
-0.9789109826087952	1.1878278255462646	-0.029800623655319214	0.9495219588279724	0.3993775546550751	1.0	3	0.0	0	0.0	0	-0.5541360974311829	-0.832426130771637	1.9568935385905206e-05	0.005755020771175623	-0.0038075405173003674	0.9999762177467346	-0.8324061632156372	0.5541229844093323	0.0069005247205495834
-0.9479642510414124	1.1672279834747314	0.013744145631790161	0.9571700096130371	0.3934166133403778	1.0	3	0.0	0	0.0	0	-0.5541360974311829	-0.832426130771637	1.9568935385905206e-05	0.005755020305514336	-0.0038075402844697237	0.9999762177467346	-0.8324061632156372	0.5541229844093323	0.006900523789227009
-0.674692690372467	1.1878278255462646	-0.029806822538375854	0.9494636058807373	0.3504931330680847	1.0	3	0.0	0	0.0	0	0.5106025338172913	-0.8598167896270752	-2.013241100939922e-05	-0.01087094470858574	-0.006479127332568169	0.9999198913574219	-0.859748125076294	-0.510561466217041	-0.012655281461775303
-0.7093730568885803	1.1672282218933105	0.1690445840358734	0.9812719225883484	0.3565904200077057	1.0	3	0.0	0	0.0	0	0.5106025338172913	-0.8598167896270752	-2.013241100939922e-05	-0.01087094470858574	-0.006479126866906881	0.9999198913574219	-0.859748125076294	-0.510561466217041	-0.012655280530452728
-0.7093787789344788	1.1672284603118896	0.013738423585891724	0.9569721221923828	0.35690808296203613	1.0	3	0.0	0	0.0	0	0.5106025338172913	-0.8598167896270752	-2.013241100939922e-05	-0.010870945639908314	-0.006479127798229456	0.9999198913574219	-0.859748125076294	-0.510561466217041	-0.012655282393097878
-0.7093787789344788	1.1672284603118896	0.013738423585891724	0.9569721221923828	0.35690808296203613	1.0	3	0.0	0	0.0	0	1.9986744064226514e-06	-1.0	3.0702462936460506e-06	0.0072951773181557655	3.08474568555539e-06	0.999973475933075	-0.999973475933075	-1.9762235297093866e-06	0.0072951773181557655
-0.9479594826698303	1.1672284603118896	0.16905012726783752	0.9810991287231445	0.3935892581939697	1.0	3	0.0	0	0.0	0	1.9986744064226514e-06	-1.0	3.0702462936460506e-06	0.007295176852494478	3.0847454581817146e-06	0.9999734163284302	-0.9999734163284302	-1.976223302335711e-06	0.007295176852494478
-0.9479642510414124	1.1672279834747314	0.013744145631790161	0.9571700096130371	0.3934166133403778	1.0	3	0.0	0	0.0	0	1.9986744064226514e-06	-1.0	3.0702462936460506e-06	0.0072951773181557655	3.0847454581817146e-06	0.9999734163284302	-0.9999734163284302	-1.976223302335711e-06	0.0072951773181557655
-0.1930738091468811	0.15926575660705566	-0.06946703791618347	0.5718635320663452	0.6478968262672424	1.0	13	0.0	0	0.0	0	-0.0002254456776427105	-0.22388550639152527	-0.9746154546737671	0.9999959468841553	0.0027363374829292297	-0.0008598992717452347	0.0028593959286808968	-0.9746116995811462	0.2238839864730835
-0.49247080087661743	0.0009157657623291016	-0.033022135496139526	0.5208039879798889	0.6722153425216675	1.0	13	0.0	0	0.0	0	-0.0002254456776427105	-0.22388550639152527	-0.9746154546737671	0.9999958872795105	0.002736337250098586	-0.0008598991553299129	0.002859395695850253	-0.9746116399765015	0.2238839715719223
-0.4924498200416565	0.15931916236877441	-0.0694100558757782	0.5262329578399658	0.64776211977005	1.0	13	0.0	0	0.0	0	-0.0002254456776427105	-0.22388550639152527	-0.9746154546737671	0.9999958872795105	0.002736337250098586	-0.0008598991553299129	0.002859395695850253	-0.9746116399765015	0.2238839715719223
0.21028059720993042	0.6187870502471924	-0.03469249606132507	0.8196161389350891	0.2717272639274597	1.0	16	0.0	0	0.0	0	0.00021008284238632768	-0.19779498875141144	-0.980243444442749	-0.4347151219844818	0.8827579021453857	-0.17821738123893738	0.9005680084228516	0.42616403102874756	-0.08579900860786438
0.5081753134727478	0.699343740940094	-0.05088350176811218	0.8109245300292969	0.3193325698375702	1.0	16	0.0	0	0.0	0	0.00021008284238632768	-0.19779498875141144	-0.980243444442749	-0.4347150921821594	0.8827577829360962	-0.17821736633777618	0.9005680084228516	0.42616406083106995	-0.08579901605844498
0.5081862807273865	0.6188127994537354	-0.03463384509086609	0.7993376851081848	0.31374138593673706	1.0	16	0.0	0	0.0	0	0.00021008284238632768	-0.19779498875141144	-0.980243444442749	-0.4347150921821594	0.882757842540741	-0.17821736633777618	0.9005679488182068	0.42616400122642517	-0.08579900860786438
-0.49233824014663696	0.0049364566802978516	0.6593353748321533	0.10719133168458939	0.8851047158241272	1.0	13	0.0	0	0.0	0	-0.0001709150819806382	-0.9999831914901733	0.005809934344142675	-6.197376933414489e-06	-0.005809933412820101	-0.9999831914901733	1.0	-0.00017094818758778274	-5.204266471992014e-06
-0.19309502840042114	0.0008623600006103516	-0.0330791175365448	0.21562489867210388	0.9319668412208557	1.0	13	0.0	0	0.0	0	-0.0001709150819806382	-0.9999831914901733	0.005809934344142675	-6.1973751144250855e-06	-0.0058099329471588135	-0.9999830722808838	1.0	-0.00017094820213969797	-5.204266017244663e-06
-0.19296246767044067	0.004884958267211914	0.6592786312103271	0.10719997435808182	0.931986927986145	1.0	13	0.0	0	0.0	0	-0.0001709150819806382	-0.9999831914901733	0.005809934344142675	-6.197375569172436e-06	-0.0058099329471588135	-0.9999830722808838	1.0	-0.00017094820213969797	-5.204266017244663e-06
0.5091313719749451	0.0009157657623291016	-0.033022135496139526	0.3402247130870819	0.8472845554351807	1.0	17	0.0	0	0.0	0	0.00022544343664776534	-0.22388552129268646	-0.9746154546737671	-0.9998895525932312	-0.014533065259456635	0.0031071992125362158	-0.01485980674624443	0.9745070934295654	-0.22386407852172852
0.20973438024520874	0.15926575660705566	-0.06946703791618347	0.3908497095108032	0.872495174407959	1.0	17	0.0	0	0.0	0	0.00022544343664776534	-0.22388552129268646	-0.9746154546737671	-0.999889612197876	-0.01453306619077921	0.0031071994453668594	-0.014859805814921856	0.9745070338249207	-0.22386404871940613
0.5091103911399841	0.15931916236877441	-0.0694100558757782	0.3452238440513611	0.8718292117118835	1.0	17	0.0	0	0.0	0	0.00022544343664776534	-0.22388552129268646	-0.9746154546737671	-0.999889612197876	-0.014533065259456635	0.0031071992125362158	-0.014859804883599281	0.9745070338249207	-0.22386404871940613
-0.1929972767829895	0.16133713722229004	0.33120694756507874	0.6940671801567078	0.985084056854248	1.0	13	0.0	0	0.0	0	0.00020158533880021423	0.9914596080780029	0.1304146647453308	0.9999999403953552	-0.00017839008069131523	-0.000189539699931629	-0.00016465625958517194	0.1304146945476532	-0.9914596080780029
-0.4923306107521057	0.12758851051330566	0.5882389545440674	0.6471849083900452	0.9444951415061951	1.0	13	0.0	0	0.0	0	0.00020158533880021423	0.9914596080780029	0.1304146647453308	1.0	-0.00017839009524323046	-0.000189539699931629	-0.0001646562450332567	0.1304146945476532	-0.9914595484733582
-0.19295436143875122	0.12753510475158691	0.5881822109222412	0.6940671801567078	0.9444951415061951	1.0	13	0.0	0	0.0	0	0.00020158533880021423	0.9914596080780029	0.1304146647453308	0.9999999403953552	-0.00017839008069131523	-0.00018953968537971377	-0.0001646562450332567	0.1304146945476532	-0.9914596080780029
0.5091313719749451	0.0009157657623291016	-0.033022135496139526	0.3402247130870819	0.8472845554351807	1.0	17	0.0	0	0.0	0	0.9999999403953552	0.00017556922102812678	0.00019099607015959918	0.00019483304640743881	-0.022120697423815727	-0.9997552633285522	-0.00017130128981079906	0.9997552633285522	-0.022120729088783264
0.5091046690940857	0.18326783180236816	-0.060837000608444214	0.34392035007476807	0.8757191300392151	1.0	17	0.0	0	0.0	0	0.9999999403953552	0.00017556922102812678	0.00019099607015959918	0.00019483304640743881	-0.022120697423815727	-0.9997552633285522	-0.00017130128981079906	0.9997552633285522	-0.022120729088783264
0.5090336203575134	0.1613905429840088	0.33126381039619446	0.28306007385253906	0.8709709644317627	1.0	17	0.0	0	0.0	0	0.9999999403953552	0.00017556922102812678	0.00019099607015959918	0.00019483306095935404	-0.022120697423815727	-0.9997552633285522	-0.00017130128981079906	0.9997552633285522	-0.022120729088783264
0.5089907050132751	0.12758851051330566	0.5882389545440674	0.6389188170433044	0.9444951415061951	1.0	17	0.0	0	0.0	0	-0.00020157982362434268	0.9914594888687134	0.13041463494300842	1.0	0.00018170077237300575	0.00016432876873295754	0.00013922888319939375	0.1304146647453308	-0.9914595484733582
0.20965784788131714	0.16133713722229004	0.33120694756507874	0.5920376777648926	0.9850852489471436	1.0	17	0.0	0	0.0	0	-0.00020157982362434268	0.9914594888687134	0.13041463494300842	0.9999999403953552	0.00018170075782109052	0.00016432876873295754	0.00013922888319939375	0.13041464984416962	-0.9914594888687134
0.20961493253707886	0.12753510475158691	0.5881822109222412	0.5920366048812866	0.9444963335990906	1.0	17	0.0	0	0.0	0	-0.00020157982362434268	0.9914594888687134	0.13041463494300842	1.0	0.00018170077237300575	0.00016432876873295754	0.00013922888319939375	0.1304146647453308	-0.9914595484733582
-0.5123992562294006	0.24100708961486816	-0.08228227496147156	0.4255353808403015	0.983427882194519	1.0	13	0.0	0	0.0	0	-0.00023758028692100197	-0.3482481837272644	-0.9374024271965027	1.0	-0.00018035477842204273	-0.0001864429359557107	-0.00010413657582830638	-0.9374023675918579	0.3482481837272644
-0.19306808710098267	0.18321633338928223	-0.060893744230270386	0.4755435585975647	0.9930726885795593	1.0	13	0.0	0	0.0	0	-0.00023758028692100197	-0.3482481837272644	-0.9374024271965027	1.0	-0.00018035479297395796	-0.0001864429359557107	-0.0001041365903802216	-0.9374023675918579	0.3482481837272644
-0.49244409799575806	0.18326783180236816	-0.060837000608444214	0.4286613464355469	0.9930731058120728	1.0	13	0.0	0	0.0	0	-0.00023758028692100197	-0.3482481837272644	-0.9374024271965027	1.0	-0.00018035477842204273	-0.0001864429359557107	-0.00010413658310426399	-0.9374023675918579	0.3482481837272644
-0.17302590608596802	0.1835176944732666	0.3654535114765167	0.9668270349502563	0.7028022408485413	1.0	13	0.0	0	0.0	0	-4.647042078431696e-05	-0.8393227458000183	0.5436334013938904	0.9999999403953552	-0.0001776999415596947	-0.000188872087164782	0.00025512828142382205	0.5436334013938904	0.8393228054046631
-0.492373526096344	0.1613905429840088	0.33126381039619446	0.9168189764022827	0.6964119076728821	1.0	13	0.0	0	0.0	0	-4.647042078431696e-05	-0.8393227458000183	0.5436334013938904	1.0	-0.00017769995611160994	-0.00018887211626861244	0.0002551283105276525	0.5436334013938904	0.8393227458000183
-0.1929972767829895	0.16133713722229004	0.33120694756507874	0.963701069355011	0.6964118480682373	1.0	13	0.0	0	0.0	0	-4.647042078431696e-05	-0.8393227458000183	0.5436334013938904	1.0	-0.00017769995611160994	-0.00018887211626861244	0.0002551283105276525	0.5436334013938904	0.8393227458000183
0.5130977034568787	0.13876938819885254	0.15692368149757385	0.6020146608352661	0.3409275412559509	1.0	17	0.0	0	0.0	0	1.0	8.300261106342077e-05	0.00019788320059888065	0.00013089802814647555	0.4947701394557953	-0.8690239191055298	-0.00017003795073833317	0.8690239191055298	0.4947701394557953
0.5131048560142517	0.05134224891662598	0.157449871301651	0.5951690673828125	0.32907044887542725	1.0	17	0.0	0	0.0	0	1.0	8.300261106342077e-05	0.00019788320059888065	0.00013089802814647555	0.4947700798511505	-0.8690239191055298	-0.00017003793618641794	0.8690239191055298	0.4947700798511505
0.5131077170372009	0.13846421241760254	0.1064482033252716	0.6088601350784302	0.3369751274585724	1.0	17	0.0	0	0.0	0	1.0	8.300261106342077e-05	0.00019788320059888065	0.00013089802814647555	0.4947700798511505	-0.8690239191055298	-0.00017003793618641794	0.8690239191055298	0.4947700798511505
-0.42749887704849243	0.1351759433746338	0.5507771968841553	0.18653425574302673	0.9772842526435852	1.0	13	0.0	0	0.0	0	0.0001287065533688292	0.9913799166679382	0.13101908564567566	1.0	-0.00011319812620058656	-0.0001258152915397659	-0.00010989963629981503	0.13101910054683685	-0.9913799166679382
-0.24259501695632935	0.13928818702697754	0.519479513168335	0.2154906839132309	0.9822244644165039	1.0	13	0.0	0	0.0	0	0.0001287065533688292	0.9913799166679382	0.13101908564567566	1.0	-0.00011319812620058656	-0.0001258152915397659	-0.00010989963629981503	0.13101910054683685	-0.9913799166679382
-0.42750221490859985	0.13930916786193848	0.5195024013519287	0.18653427064418793	0.9822245240211487	1.0	13	0.0	0	0.0	0	0.0001287065533688292	0.9913799166679382	0.13101908564567566	1.0	-0.00011319812620058656	-0.00012581530609168112	-0.00010989964357577264	0.13101908564567566	-0.9913798570632935
0.18976134061813354	0.24094605445861816	-0.08234664797782898	0.5454011559486389	0.8455286622047424	1.0	17	0.0	0	0.0	0	-0.00025071651907637715	0.8656197190284729	0.5007019639015198	-0.9999999403953552	-0.00017989339539781213	-0.00018972805992234498	-7.415936852339655e-05	-0.5007019639015198	0.8656197190284729
0.35940974950790405	0.1162569522857666	0.13330236077308655	0.5166963934898376	0.8827058672904968	1.0	17	0.0	0	0.0	0	-0.00025071651907637715	0.8656197190284729	0.5007019639015198	-1.0	-0.00017989342450164258	-0.00018972808902617544	-7.415937579935417e-05	-0.5007019639015198	0.8656196594238281
0.5290593504905701	0.24100708961486816	-0.08228227496147156	0.4879966676235199	0.8455286622047424	1.0	17	0.0	0	0.0	0	-0.00025071651907637715	0.8656197190284729	0.5007019639015198	-0.9999999403953552	-0.00017989339539781213	-0.00018972805992234498	-7.415936852339655e-05	-0.5007019639015198	0.8656197190284729
0.5290593504905701	0.24100708961486816	-0.08228227496147156	0.4879966676235199	0.8455286622047424	1.0	17	0.0	0	0.0	0	-0.49378636479377747	0.8625292181968689	0.11053657531738281	-0.8695802092552185	-0.4901164472103119	-0.06013484299182892	0.0023077353835105896	-0.12581418454647064	0.9920511245727539
0.35940974950790405	0.1162569522857666	0.13330236077308655	0.5166963934898376	0.8827058672904968	1.0	17	0.0	0	0.0	0	-0.49378636479377747	0.8625292181968689	0.11053657531738281	-0.8695802688598633	-0.4901164472103119	-0.060134850442409515	0.0023077281657606363	-0.12581418454647064	0.9920511841773987
0.5289844870567322	0.1835768222808838	0.36551812291145325	0.48803025484085083	0.918766438961029	1.0	17	0.0	0	0.0	0	-0.49378636479377747	0.8625292181968689	0.11053657531738281	-0.8695802092552185	-0.4901164174079895	-0.06013484299182892	0.002307731658220291	-0.12581418454647064	0.9920511245727539
0.5289844870567322	0.1835768222808838	0.36551812291145325	0.48803025484085083	0.918766438961029	1.0	17	0.0	0	0.0	0	-0.00011436417116783559	0.9604765772819519	-0.2783607840538025	-1.0	-0.00017852075689006597	-0.00020513255731202662	-0.0002467182057444006	0.2783607542514801	0.9604765772819519
0.35940974950790405	0.1162569522857666	0.13330236077308655	0.5166963934898376	0.8827058672904968	1.0	17	0.0	0	0.0	0	-0.00011436417116783559	0.9604765772819519	-0.2783607840538025	-1.0	-0.00017852078599389642	-0.0002051325427601114	-0.00024671817664057016	0.2783607542514801	0.9604765772819519
0.18968647718429565	0.1835176944732666	0.3654535114765167	0.5453667640686035	0.9187672138214111	1.0	17	0.0	0	0.0	0	-0.00011436417116783559	0.9604765772819519	-0.2783607840538025	-1.0	-0.00017852078599389642	-0.00020513252820819616	-0.00024671817664057016	0.2783607542514801	0.9604765772819519
0.18968647718429565	0.1835176944732666	0.3654535114765167	0.5453667640686035	0.9187672138214111	1.0	17	0.0	0	0.0	0	0.4933584928512573	0.8627498149871826	0.1107262670993805	-0.869822084903717	0.48973020911216736	0.059782180935144424	-0.00264893495477736	-0.12580619752407074	0.992051362991333
0.35940974950790405	0.1162569522857666	0.13330236077308655	0.5166963934898376	0.8827058672904968	1.0	17	0.0	0	0.0	0	0.4933584928512573	0.8627498149871826	0.1107262670993805	-0.869822084903717	0.48973020911216736	0.059782177209854126	-0.0026489386800676584	-0.12580619752407074	0.992051362991333
0.18976134061813354	0.24094605445861816	-0.08234664797782898	0.5454011559486389	0.8455286622047424	1.0	17	0.0	0	0.0	0	0.4933584928512573	0.8627498149871826	0.1107262670993805	-0.8698221445083618	0.48973023891448975	0.059782177209854126	-0.0026489386800676584	-0.12580618262290955	0.9920513033866882
-0.5123992562294006	0.24100708961486816	-0.08228227496147156	0.6416821479797363	0.5351581573486328	1.0	13	0.0	0	0.0	0	-0.7973356246948242	-0.5986500978469849	-0.07664254307746887	-0.00016688751929905266	0.12720781564712524	-0.9918760657310486	0.6035361886024475	-0.7908452153205872	-0.10152721405029297
-0.492373526096344	0.1613905429840088	0.33126381039619446	0.5758603811264038	0.5403360724449158	1.0	13	0.0	0	0.0	0	-0.7973356246948242	-0.5986500978469849	-0.07664254307746887	-0.00016688158211763948	0.12720780074596405	-0.9918760657310486	0.6035361886024475	-0.7908452153205872	-0.10152719914913177
-0.5123239159584045	0.1835768222808838	0.36551812291145325	0.5709822773933411	0.5351581573486328	1.0	13	0.0	0	0.0	0	-0.7973356246948242	-0.5986500978469849	-0.07664254307746887	-0.00016688751929905266	0.12720781564712524	-0.9918760657310486	0.6035361886024475	-0.7908452153205872	-0.10152721405029297
0.2397734522819519	0.07953667640686035	0.06756891310214996	0.9018814563751221	0.7130919694900513	1.0	16	0.0	0	0.0	0	-1.0	-9.734895138535649e-05	-0.0002624192275106907	-0.00026411100407131016	0.01780584454536438	0.9998413920402527	-9.266090637538582e-05	0.9998414516448975	-0.01780587062239647
0.239668071269989	0.7032759189605713	0.2377571016550064	0.9302680492401123	0.8102794289588928	1.0	16	0.0	0	0.0	0	-1.0	-9.734895138535649e-05	-0.0002624192275106907	-0.0002641109749674797	0.01780584640800953	0.9998414516448975	-9.266092092730105e-05	0.9998415112495422	-0.01780587248504162
0.239726722240448	0.701488733291626	0.014919042587280273	0.8953722715377808	0.8106209635734558	1.0	16	0.0	0	0.0	0	-1.0	-9.734895138535649e-05	-0.0002624192275106907	-0.0002641109749674797	0.01780584640800953	0.9998414516448975	-9.266092092730105e-05	0.9998415112495422	-0.01780587248504162
0.2592553496360779	0.13928818702697754	0.519479513168335	0.5409179329872131	0.9806061387062073	1.0	17	0.0	0	0.0	0	-0.00012870700447820127	0.9913799166679382	0.13101910054683685	1.0	0.00010942196968244389	0.00015439173148479313	0.0001387244847137481	0.13101911544799805	-0.9913799166679382
0.44415897130966187	0.1351759433746338	0.5507771968841553	0.5698744654655457	0.9756667613983154	1.0	17	0.0	0	0.0	0	-0.00012870700447820127	0.9913799166679382	0.13101910054683685	1.0	0.00010942196968244389	0.00015439174603670835	0.00013872449926566333	0.13101910054683685	-0.9913798570632935
0.4441627860069275	0.13930916786193848	0.5195024013519287	0.5698744058609009	0.9806070327758789	1.0	17	0.0	0	0.0	0	-0.00012870700447820127	0.9913799166679382	0.13101910054683685	1.0	0.00010942196968244389	0.00015439173148479313	0.0001387244847137481	0.13101911544799805	-0.9913799166679382
0.24420493841171265	0.1475527286529541	0.4569289982318878	0.8953723907470703	0.9843021035194397	1.0	17	0.0	0	0.0	0	-0.00013073834998067468	0.99137943983078	0.13102203607559204	1.0	0.00011902677215402946	9.721762035042048e-05	8.078442624537274e-05	0.13102205097675323	-0.99137943983078
0.459223210811615	0.14344429969787598	0.48823001980781555	0.9290446639060974	0.9793610572814941	1.0	17	0.0	0	0.0	0	-0.00013073834998067468	0.99137943983078	0.13102203607559204	1.0	0.00011902677942998707	9.721762035042048e-05	8.078441896941513e-05	0.13102205097675323	-0.99137943983078
0.4592265486717224	0.14757752418518066	0.4569559395313263	0.9290447235107422	0.9843011498451233	1.0	17	0.0	0	0.0	0	-0.00013073834998067468	0.99137943983078	0.13102203607559204	1.0	0.00011902677215402946	9.721761307446286e-05	8.078441169345751e-05	0.13102205097675323	-0.99137943983078
0.21022480726242065	1.0899666547775269	0.2499852478504181	0.9300332069396973	0.34193873405456543	1.0	16	0.0	0	0.0	0	0.00010258633847115561	0.6102561354637146	-0.7922040820121765	-1.0	-9.49390323512489e-06	-0.00013680824486073107	-9.100918396143243e-05	0.7922040820121765	0.6102561354637146
0.5081753134727478	0.699343740940094	-0.05088350176811218	0.8833812475204468	0.2647213637828827	1.0	16	0.0	0	0.0	0	0.00010258633847115561	0.6102561354637146	-0.7922040820121765	-1.0	-9.493902325630188e-06	-0.00013680824486073107	-9.100917668547481e-05	0.7922040820121765	0.6102561354637146
0.21026962995529175	0.699317991733551	-0.050941914319992065	0.9300332069396973	0.26471683382987976	1.0	16	0.0	0	0.0	0	0.00010258633847115561	0.6102561354637146	-0.7922040820121765	-1.0	-9.497134669800289e-06	-0.00013681074779015034	-9.101326577365398e-05	0.7922040820121765	0.6102561354637146
0.5080875754356384	1.0244210958480835	0.36065810918807983	0.9673410058021545	0.4612286388874054	1.0	16	0.0	0	0.0	0	-0.00017433994798921049	0.860216498374939	0.5099289417266846	1.0	4.0830698708305135e-05	0.00027301200316287577	0.00021402868151199073	0.5099290013313293	-0.860216498374939
0.21022480726242065	1.0899666547775269	0.2499852478504181	0.9206914305686951	0.4813615381717682	1.0	16	0.0	0	0.0	0	-0.00017433994798921049	0.860216498374939	0.5099289417266846	1.0	4.083069507032633e-05	0.0002730119740590453	0.00021402865240816027	0.5099290013313293	-0.860216498374939
0.21018189191818237	1.0243953466415405	0.36059969663619995	0.920689046382904	0.4612244665622711	1.0	16	0.0	0	0.0	0	-0.00017433994798921049	0.860216498374939	0.5099289417266846	1.0	4.083424573764205e-05	0.00027300597866997123	0.00021402168204076588	0.5099290013313293	-0.860216498374939
-0.46199995279312134	0.7032968997955322	0.23780401051044464	0.8680019378662109	0.6579319834709167	1.0	12	0.0	0	0.0	0	0.0001978112995857373	0.017807552590966225	0.9998414516448975	1.0	-5.5941920436453074e-05	-0.0001968463184311986	5.242769111646339e-05	0.9998413920402527	-0.01780756190419197
-0.22306734323501587	0.08091568946838379	0.24884158372879028	0.9054239392280579	0.5604538321495056	1.0	12	0.0	0	0.0	0	0.0001978112995857373	0.017807552590966225	0.9998414516448975	1.0	-5.594192407443188e-05	-0.0001968463184311986	5.24276947544422e-05	0.9998413920402527	-0.01780756190419197
-0.22300750017166138	0.7032759189605713	0.2377571016550064	0.9054281711578369	0.6579307913780212	1.0	12	0.0	0	0.0	0	0.0001978112995857373	0.017807552590966225	0.9998414516448975	1.0	-5.594192407443188e-05	-0.0001968463184311986	5.24276947544422e-05	0.9998413920402527	-0.01780756190419197
-0.19356447458267212	1.0899666547775269	0.2499852478504181	0.004136931151151657	0.8900771737098694	1.0	12	0.0	0	0.0	0	-0.00010341416782466695	0.610256552696228	-0.7922039031982422	-9.185776434605941e-05	-0.7922038435935974	-0.610256552696228	-1.0	9.660901014285628e-06	0.00013798190047964454
-0.49151521921157837	0.699343740940094	-0.05088350176811218	0.08135431259870529	0.9367291331291199	1.0	12	0.0	0	0.0	0	-0.00010341416782466695	0.610256552696228	-0.7922039031982422	-9.18577570701018e-05	-0.7922038435935974	-0.610256552696228	-1.0	9.660893738328014e-06	0.00013798190047964454
-0.4914699196815491	1.0899919271469116	0.2500436007976532	0.004132477566599846	0.9367291331291199	1.0	12	0.0	0	0.0	0	-0.00010341416782466695	0.610256552696228	-0.7922039031982422	-9.18577570701018e-05	-0.7922039031982422	-0.610256552696228	-1.0	9.660893738328014e-06	0.00013798190047964454
-0.19356447458267212	1.0899666547775269	0.2499852478504181	0.9420242309570312	0.9710919857025146	1.0	12	0.0	0	0.0	0	0.00017433767789043486	0.8602164387702942	0.5099289417266846	0.9999999403953552	-4.0832113882061094e-05	-0.0002730051055550575	-0.00021402203128673136	0.5099290013313293	-0.860216498374939
-0.4914270043373108	1.0244210958480835	0.36065810918807983	0.8953747153282166	0.9509591460227966	1.0	12	0.0	0	0.0	0	0.00017433767789043486	0.8602164387702942	0.5099289417266846	1.0	-4.08321175200399e-05	-0.000273005134658888	-0.00021402203128673136	0.5099290013313293	-0.8602164387702942
-0.19352155923843384	1.0243953466415405	0.36059969663619995	0.9420266151428223	0.9509549736976624	1.0	12	0.0	0	0.0	0	0.00017433767789043486	0.8602164387702942	0.5099289417266846	0.9999999403953552	-4.083569365320727e-05	-0.0002729990519583225	-0.00021401498815976083	0.5099290013313293	-0.860216498374939
-0.4964471459388733	0.13846421241760254	0.1064482033252716	0.6088601350784302	0.3531450033187866	1.0	13	0.0	0	0.0	0	-1.0	8.570222416892648e-05	0.00019314528617542237	-0.00012544386845547706	0.4947757422924042	-0.8690207004547119	-0.00017004061373881996	-0.8690207004547119	-0.4947757422924042
-0.49645572900772095	0.09459900856018066	0.08147361874580383	0.6088601350784302	0.3610495924949646	1.0	13	0.0	0	0.0	0	-1.0	8.570222416892648e-05	0.00019314528617542237	-0.0001254438830073923	0.49477580189704895	-0.8690207600593567	-0.00017004061373881996	-0.8690207600593567	-0.49477580189704895
-0.4964447617530823	0.05134224891662598	0.157449871301651	0.5951690077781677	0.3610495626926422	1.0	13	0.0	0	0.0	0	-1.0	8.570222416892648e-05	0.00019314528617542237	-0.00012544386845547706	0.49477577209472656	-0.8690206408500671	-0.00017004061373881996	-0.8690206408500671	-0.49477577209472656
-0.1935442090034485	0.6982338428497314	0.31777408719062805	0.16707660257816315	0.8142378330230713	1.0	12	0.0	0	0.0	0	1.0	2.1196212401264347e-05	-0.00017646452761255205	-0.0001777222059899941	0.13018383085727692	-0.9914899468421936	1.9569961295928806e-06	0.9914898872375488	0.13018381595611572
-0.1936092972755432	0.699317991733551	-0.050941914319992065	0.22434817254543304	0.8068892359733582	1.0	12	0.0	0	0.0	0	1.0	2.1196212401264347e-05	-0.00017646452761255205	-0.00017772219143807888	0.13018380105495453	-0.991489827632904	1.956992264240398e-06	0.9914898872375488	0.13018380105495453
-0.19356447458267212	1.0899666547775269	0.2499852478504181	0.18558819591999054	0.8736791014671326	1.0	12	0.0	0	0.0	0	1.0	2.1196212401264347e-05	-0.00017646452761255205	-0.0001777222059899941	0.13018381595611572	-0.9914898872375488	1.9569940832298016e-06	0.991489827632904	0.13018380105495453
