1771	646	28
-0.7446141839027405	1.5210185050964355	0.1839689314365387	0.357421875	0.7939453125	1.0	3	0.0	0	0.0	0	-4.735084360163455e-07	0.9992417693138123	-0.03893514350056648	1.5519222870352678e-05	0.03893514350056648	0.9992417693138123	1.0	-1.3109372787312168e-07	-1.5525889466516674e-05
-0.9353242516517639	1.513840675354004	-0.00024244189262390137	0.2060546875	0.6376953125	1.0	3	0.0	0	0.0	0	-4.735084360163455e-07	0.9992417693138123	-0.03893514350056648	1.551922468934208e-05	0.03893514350056648	0.9992417693138123	1.0	-1.3109378471654054e-07	-1.5525891285506077e-05
-0.9353213906288147	1.5210185050964355	0.18397125601768494	0.357421875	0.6376953125	1.0	3	0.0	0	0.0	0	-4.735084360163455e-07	0.9992417693138123	-0.03893514350056648	1.5519222870352678e-05	0.03893514722585678	0.999241828918457	1.0	-1.3109371366226696e-07	-1.5525889466516674e-05
-0.9353242516517639	1.513840675354004	-0.00024244189262390137	0.2060546875	0.6376953125	1.0	3	0.0	0	0.0	0	-4.867508209827065e-07	0.9992417693138123	-0.03893512859940529	1.0346146154915914e-05	0.03893513232469559	0.999241828918457	1.0	8.355323188879993e-08	-1.0357252904213965e-05
-0.7446141839027405	1.5210185050964355	0.1839689314365387	0.357421875	0.7939453125	1.0	3	0.0	0	0.0	0	-4.867508209827065e-07	0.9992417693138123	-0.03893512859940529	1.0346147064410616e-05	0.03893513232469559	0.999241828918457	1.0	8.35532034670905e-08	-1.0357253813708667e-05
-0.7446160912513733	1.513840675354004	-0.000244826078414917	0.2060546875	0.7939453125	1.0	3	0.0	0	0.0	0	-4.867508209827065e-07	0.9992417693138123	-0.03893512859940529	1.0346146154915914e-05	0.03893513232469559	0.999241828918457	1.0	8.355323188879993e-08	-1.0357252904213965e-05
-0.6773400902748108	1.6990995407104492	-0.044751375913619995	0.44140625	0.7216796875	1.0	3	0.0	0	0.0	0	-2.7629101168713532e-05	-0.05789567902684212	-0.9983226656913757	1.0	7.975617108968436e-07	-2.772177685983479e-05	2.401194933554507e-06	-0.9983227252960205	0.057895682752132416
-0.6773391366004944	1.4999876022338867	-0.03320428729057312	0.44140625	0.861328125	1.0	3	0.0	0	0.0	0	-2.7629101168713532e-05	-0.05789567902684212	-0.9983226656913757	1.0	7.975617108968436e-07	-2.772177685983479e-05	2.401194933554507e-06	-0.9983227252960205	0.057895682752132416
-0.9783568978309631	1.4999873638153076	-0.033195942640304565	0.23046875	0.861328125	1.0	3	0.0	0	0.0	0	-2.7629101168713532e-05	-0.05789567902684212	-0.9983226656913757	1.0	7.975617677402624e-07	-2.772177685983479e-05	2.4011951609281823e-06	-0.9983226656913757	0.05789567902684212
-0.9783568978309631	1.4999873638153076	-0.033195942640304565	0.23046875	0.861328125	1.0	3	0.0	0	0.0	0	-2.7675045203068294e-05	-0.05789560452103615	-0.9983226656913757	1.0	1.9012569296705806e-13	-2.7721544029191136e-05	1.6049557416408788e-06	-0.9983226656913757	0.05789560452103615
-0.9783568978309631	1.6990995407104492	-0.04474303126335144	0.23046875	0.7216796875	1.0	3	0.0	0	0.0	0	-2.7675045203068294e-05	-0.05789560452103615	-0.9983226656913757	1.0	1.9012569296705806e-13	-2.7721544029191136e-05	1.6049557416408788e-06	-0.9983226656913757	0.05789560452103615
-0.6773400902748108	1.6990995407104492	-0.044751375913619995	0.44140625	0.7216796875	1.0	3	0.0	0	0.0	0	-2.7675045203068294e-05	-0.05789560452103615	-0.9983226656913757	1.0	8.482103908136196e-14	-2.7721544029191136e-05	1.6049556279540411e-06	-0.9983226656913757	0.05789560452103615
-0.7071700692176819	1.5237195491790771	-0.007004469633102417	0.0341796875	0.158203125	1.0	3	0.0	0	0.0	0	-2.2872945919516496e-05	-0.07904963195323944	-0.9968706965446472	-0.9898427724838257	-0.1417202353477478	0.011260811239480972	-0.14216691255569458	0.9867454767227173	-0.07824346423149109
-0.7071700692176819	1.2238118648529053	0.01677754521369934	0.0546875	0.0126953125	1.0	3	0.0	0	0.0	0	-2.2872945919516496e-05	-0.07904963195323944	-0.9968706965446472	-0.9898427128791809	-0.1417202204465866	0.011260810308158398	-0.1421668976545334	0.9867454171180725	-0.07824346423149109
-0.946162760257721	1.2238118648529053	0.016783028841018677	0.169921875	0.029296875	1.0	3	0.0	0	0.0	0	-2.2872945919516496e-05	-0.07904963195323944	-0.9968706965446472	-0.9898427724838257	-0.1417202353477478	0.011260811239480972	-0.14216691255569458	0.9867454767227173	-0.07824346423149109
-0.946162760257721	1.2238118648529053	0.016783028841018677	0.169921875	0.029296875	1.0	3	0.0	0	0.0	0	-2.8839815058745444e-05	-0.07904490828514099	-0.9968711137771606	-0.9908663630485535	-0.1344238519668579	0.010687537491321564	-0.13484802842140198	0.9877662062644958	-0.07831905782222748
-0.946162760257721	1.5237195491790771	-0.006997555494308472	0.1494140625	0.173828125	1.0	3	0.0	0	0.0	0	-2.8839815058745444e-05	-0.07904490828514099	-0.9968711137771606	-0.9908663034439087	-0.13442383706569672	0.010687536559998989	-0.13484802842140198	0.9877662658691406	-0.07831906527280807
-0.7071700692176819	1.5237195491790771	-0.007004469633102417	0.0341796875	0.158203125	1.0	3	0.0	0	0.0	0	-2.8839815058745444e-05	-0.07904490828514099	-0.9968711137771606	-0.9908663034439087	-0.13442383706569672	0.010687536559998989	-0.13484802842140198	0.9877662658691406	-0.07831906527280807
-0.7071643471717834	1.5237197875976562	0.2102607786655426	0.3701171875	0.1728515625	1.0	3	0.0	0	0.0	0	2.773050800897181e-05	-0.12011469900608063	0.9927600622177124	0.9977355599403381	0.06677555292844772	0.008051348850131035	-0.06725918501615524	0.9905117750167847	0.11984456330537796
-0.9461570382118225	1.5237197875976562	0.21026745438575745	0.25390625	0.1806640625	1.0	3	0.0	0	0.0	0	2.773050800897181e-05	-0.12011469900608063	0.9927600622177124	0.9977356195449829	0.06677556037902832	0.00805134978145361	-0.06725918501615524	0.9905117154121399	0.11984455585479736
-0.9461570382118225	1.2238118648529053	0.17398139834403992	0.2451171875	0.0341796875	1.0	3	0.0	0	0.0	0	2.773050800897181e-05	-0.12011469900608063	0.9927600622177124	0.9977355599403381	0.06677556037902832	0.00805134978145361	-0.06725919246673584	0.9905117750167847	0.11984456330537796
-0.9461570382118225	1.2238118648529053	0.17398139834403992	0.2451171875	0.0341796875	1.0	3	0.0	0	0.0	0	2.3146054445533082e-05	-0.12011107802391052	0.9927604794502258	0.9977355003356934	0.06677649170160294	0.008055822923779488	-0.06726065278053284	0.9905121922492981	0.11984062939882278
-0.7071643471717834	1.2238121032714844	0.1739758551120758	0.3603515625	0.0263671875	1.0	3	0.0	0	0.0	0	2.3146054445533082e-05	-0.12011107802391052	0.9927604794502258	0.9977354407310486	0.06677649170160294	0.008055822923779488	-0.06726065278053284	0.9905121326446533	0.11984062194824219
-0.7071643471717834	1.5237197875976562	0.2102607786655426	0.3701171875	0.1728515625	1.0	3	0.0	0	0.0	0	2.3146054445533082e-05	-0.12011107802391052	0.9927604794502258	0.9977354407310486	0.06677648425102234	0.008055821992456913	-0.06726064532995224	0.9905121326446533	0.11984062194824219
-0.9789109826087952	1.1878278255462646	-0.029800623655319214	0.1455078125	0.6484375	1.0	3	0.0	0	0.0	0	-0.5541161298751831	-0.8324393630027771	1.5106937098607887e-05	0.8288541436195374	-0.5517279505729675	0.09272070974111557	-0.077176034450531	0.05139056220650673	0.9956921339035034
-0.9479594826698303	1.1672284603118896	0.16905012726783752	0.17578125	0.814453125	1.0	3	0.0	0	0.0	0	-0.5541161298751831	-0.8324393630027771	1.5106937098607887e-05	0.8288541436195374	-0.5517279505729675	0.09272071719169617	-0.077176034450531	0.05139056593179703	0.9956921339035034
-0.9789043068885803	1.1878278255462646	0.21501019597053528	0.1455078125	0.8564453125	1.0	3	0.0	0	0.0	0	-0.5541161298751831	-0.8324393630027771	1.5106937098607887e-05	0.8288542032241821	-0.5517279505729675	0.09272072464227676	-0.077176034450531	0.05139056593179703	0.9956921339035034
-0.7071643471717834	1.5237197875976562	0.2102607786655426	0.3701171875	0.1728515625	1.0	3	0.0	0	0.0	0	1.0	4.403947514219908e-06	-3.640017894213088e-05	-3.660049696918577e-05	0.17904263734817505	-0.9838413596153259	2.1843979993718676e-06	0.9838413596153259	0.17904263734817505
-0.7071643471717834	1.2238121032714844	0.1739758551120758	0.3603515625	0.0263671875	1.0	3	0.0	0	0.0	0	1.0	4.403947514219908e-06	-3.640017894213088e-05	-3.660049696918577e-05	0.17904262244701385	-0.9838413596153259	2.184398226745543e-06	0.9838413596153259	0.17904262244701385
-0.7071700692176819	1.2238118648529053	0.01677754521369934	0.4365234375	0.0126953125	1.0	3	0.0	0	0.0	0	1.0	4.403947514219908e-06	-3.640017894213088e-05	-3.660049696918577e-05	0.17904262244701385	-0.9838413000106812	2.184397771998192e-06	0.9838413000106812	0.17904262244701385
-0.7071700692176819	1.2238118648529053	0.01677754521369934	0.4365234375	0.0126953125	1.0	3	0.0	0	0.0	0	1.0	-2.088440396619262e-06	-2.6336681912653148e-05	-2.5561070287949406e-05	0.17554894089698792	-0.9844707250595093	6.679385478491895e-06	0.9844707250595093	0.17554894089698792
-0.7071700692176819	1.5237195491790771	-0.007004469633102417	0.4736328125	0.154296875	1.0	3	0.0	0	0.0	0	1.0	-2.088440396619262e-06	-2.6336681912653148e-05	-2.556107210693881e-05	0.1755489557981491	-0.984470784664154	6.679385933239246e-06	0.984470784664154	0.1755489557981491
-0.7071643471717834	1.5237197875976562	0.2102607786655426	0.3701171875	0.1728515625	1.0	3	0.0	0	0.0	0	1.0	-2.088440396619262e-06	-2.6336681912653148e-05	-2.5561070287949406e-05	0.17554894089698792	-0.9844707250595093	6.679385478491895e-06	0.9844707250595093	0.17554894089698792
-0.9461570382118225	1.2238118648529053	0.17398139834403992	0.2451171875	0.0341796875	1.0	3	0.0	0	0.0	0	-1.0	-3.186496314810938e-06	2.6336714654462412e-05	2.6487829018151388e-05	-0.0647861659526825	0.9978992342948914	-1.4735473996552173e-06	0.9978992342948914	0.0647861659526825
-0.9461570382118225	1.5237197875976562	0.21026745438575745	0.25390625	0.1806640625	1.0	3	0.0	0	0.0	0	-1.0	-3.186496314810938e-06	2.6336714654462412e-05	2.648782538017258e-05	-0.0647861510515213	0.9978991150856018	-1.4735473996552173e-06	0.9978991150856018	0.0647861510515213
-0.946162760257721	1.5237195491790771	-0.006997555494308472	0.1494140625	0.173828125	1.0	3	0.0	0	0.0	0	-1.0	-3.186496314810938e-06	2.6336714654462412e-05	2.6487827199161984e-05	-0.0647861585021019	0.9978991746902466	-1.4735473996552173e-06	0.9978991746902466	0.0647861585021019
-0.946162760257721	1.5237195491790771	-0.006997555494308472	0.1494140625	0.173828125	1.0	3	0.0	0	0.0	0	-1.0	2.8862787075922824e-06	3.640016439021565e-05	3.6140845622867346e-05	-0.06399451941251755	0.9979502558708191	5.2097739171586e-06	0.9979502558708191	0.06399451941251755
-0.946162760257721	1.2238118648529053	0.016783028841018677	0.169921875	0.029296875	1.0	3	0.0	0	0.0	0	-1.0	2.8862787075922824e-06	3.640016439021565e-05	3.6140845622867346e-05	-0.06399452686309814	0.9979502558708191	5.2097739171586e-06	0.9979502558708191	0.06399452686309814
-0.9461570382118225	1.2238118648529053	0.17398139834403992	0.2451171875	0.0341796875	1.0	3	0.0	0	0.0	0	-1.0	2.8862787075922824e-06	3.640016439021565e-05	3.6140845622867346e-05	-0.06399452686309814	0.9979503154754639	5.2097739171586e-06	0.9979503154754639	0.06399452686309814
-0.6825681328773499	1.2722060680389404	-0.021078795194625854	0.458984375	0.8994140625	1.0	3	0.0	0	0.0	0	-2.0268293155822903e-05	0.10288846492767334	-0.9946929812431335	0.9963465332984924	-0.08494740724563599	-0.008807041682302952	-0.0854027271270752	-0.9910590648651123	-0.10251084715127945
-0.674692690372467	1.1878278255462646	-0.029806822538375854	0.4716796875	0.96875	1.0	3	0.0	0	0.0	0	-2.0268293155822903e-05	0.10288846492767334	-0.9946929812431335	0.9963465332984924	-0.08494740724563599	-0.008807041682302952	-0.0854027271270752	-0.9910590648651123	-0.10251084715127945
-0.9789109826087952	1.1878278255462646	-0.029800623655319214	0.22265625	0.990234375	1.0	3	0.0	0	0.0	0	-2.0268293155822903e-05	0.10288846492767334	-0.9946929812431335	0.9963465332984924	-0.08494740724563599	-0.008807041682302952	-0.0854027271270752	-0.9910590648651123	-0.10251084715127945
-0.9789109826087952	1.1878278255462646	-0.029800623655319214	0.22265625	0.990234375	1.0	3	0.0	0	0.0	0	-2.0552864953060634e-05	0.10288946330547333	-0.994692862033844	0.996283233165741	-0.08567919582128525	-0.008883105590939522	-0.08613844960927963	-0.9909958839416504	-0.10250527411699295
-0.9710355401039124	1.2722060680389404	-0.021072834730148315	0.2236328125	0.919921875	1.0	3	0.0	0	0.0	0	-2.0552864953060634e-05	0.10288946330547333	-0.994692862033844	0.996283233165741	-0.08567918837070465	-0.008883105590939522	-0.08613844215869904	-0.9909958839416504	-0.10250527411699295
-0.6825681328773499	1.2722060680389404	-0.021078795194625854	0.458984375	0.8994140625	1.0	3	0.0	0	0.0	0	-2.0552864953060634e-05	0.10288946330547333	-0.994692862033844	0.996283233165741	-0.08567918837070465	-0.008883104659616947	-0.08613844215869904	-0.9909958839416504	-0.10250527411699295
-0.682561457157135	1.2722060680389404	0.20627591013908386	0.271484375	0.87890625	1.0	3	0.0	0	0.0	0	2.0843428501393646e-05	0.10289090126752853	0.9946926832199097	0.9962983131408691	0.08550438284873962	-0.00886544119566679	-0.08596275746822357	0.991010844707489	-0.10250824689865112
-0.9710288643836975	1.2722063064575195	0.20628193020820618	0.03515625	0.8994140625	1.0	3	0.0	0	0.0	0	2.0843428501393646e-05	0.10289090126752853	0.9946926832199097	0.9962984323501587	0.08550438284873962	-0.008865442126989365	-0.08596275001764297	0.991010844707489	-0.10250825434923172
-0.9789043068885803	1.1878278255462646	0.21501019597053528	0.0234375	0.830078125	1.0	3	0.0	0	0.0	0	2.0843428501393646e-05	0.10289090126752853	0.9946926832199097	0.9962983727455139	0.08550438284873962	-0.00886544119566679	-0.08596275746822357	0.9910109043121338	-0.10250825434923172
-0.9789043068885803	1.1878278255462646	0.21501019597053528	0.0234375	0.830078125	1.0	3	0.0	0	0.0	0	2.0738696548505686e-05	0.10289127379655838	0.9946926832199097	0.9963324069976807	0.08511100709438324	-0.00882467720657587	-0.08556726574897766	0.9910446405410767	-0.10251212865114212
-0.6746860146522522	1.1878275871276855	0.2150038778781891	0.271484375	0.80859375	1.0	3	0.0	0	0.0	0	2.0738696548505686e-05	0.10289127379655838	0.9946926832199097	0.9963324069976807	0.08511101454496384	-0.008824678137898445	-0.08556727319955826	0.9910446405410767	-0.10251212865114212
-0.682561457157135	1.2722060680389404	0.20627591013908386	0.271484375	0.87890625	1.0	3	0.0	0	0.0	0	2.0738696548505686e-05	0.10289127379655838	0.9946926832199097	0.9963324666023254	0.08511101454496384	-0.008824678137898445	-0.08556727319955826	0.9910447001457214	-0.10251213610172272
-0.682561457157135	1.2722060680389404	0.20627591013908386	0.271484375	0.87890625	1.0	3	0.0	0	0.0	0	0.995672881603241	0.09292805194854736	-2.7060410502599552e-05	0.01030292734503746	-0.11067958176136017	-0.9938027262687683	-0.0923551470041275	0.9895021319389343	-0.111158087849617
-0.6746860146522522	1.1878275871276855	0.2150038778781891	0.271484375	0.80859375	1.0	3	0.0	0	0.0	0	0.995672881603241	0.09292805194854736	-2.7060410502599552e-05	0.01030292734503746	-0.11067958176136017	-0.9938027262687683	-0.0923551470041275	0.9895021319389343	-0.111158087849617
-0.674692690372467	1.1878278255462646	-0.029806822538375854	0.4716796875	0.8310546875	1.0	3	0.0	0	0.0	0	0.995672881603241	0.09292805194854736	-2.7060410502599552e-05	0.01030292734503746	-0.11067957431077957	-0.9938027262687683	-0.0923551470041275	0.9895021319389343	-0.11115808039903641
-0.674692690372467	1.1878278255462646	-0.029806822538375854	0.4716796875	0.8310546875	1.0	3	0.0	0	0.0	0	0.9956722855567932	0.09293407946825027	-2.9235505280666985e-05	0.010182458907365799	-0.10940497368574142	-0.9939451813697815	-0.09237456321716309	0.9896432757377625	-0.10987778007984161
-0.6825681328773499	1.2722060680389404	-0.021078795194625854	0.45703125	0.8994140625	1.0	3	0.0	0	0.0	0	0.9956722855567932	0.09293407946825027	-2.9235505280666985e-05	0.010182459838688374	-0.10940498858690262	-0.9939451813697815	-0.09237456321716309	0.9896432757377625	-0.10987779498100281
-0.682561457157135	1.2722060680389404	0.20627591013908386	0.271484375	0.87890625	1.0	3	0.0	0	0.0	0	0.9956722855567932	0.09293407946825027	-2.9235505280666985e-05	0.010182459838688374	-0.10940498113632202	-0.9939451813697815	-0.09237456321716309	0.9896432757377625	-0.10987778753042221
-0.9710288643836975	1.2722063064575195	0.20628193020820618	0.451171875	0.5283203125	1.0	3	0.0	0	0.0	0	8.265009228125564e-07	1.0	-2.4268198561827603e-11	2.9383041692199185e-05	-1.6911819167297892e-14	1.0	1.0	-8.265009228125564e-07	-2.9383041692199185e-05
-0.682561457157135	1.2722060680389404	0.20627591013908386	0.451171875	0.728515625	1.0	3	0.0	0	0.0	0	8.265009228125564e-07	1.0	-2.4268198561827603e-11	2.9383045330177993e-05	-1.6913555584839764e-14	1.0	1.0	-8.265009796559752e-07	-2.9383045330177993e-05
-0.6825681328773499	1.2722060680389404	-0.021078795194625854	0.29296875	0.728515625	1.0	3	0.0	0	0.0	0	8.265009228125564e-07	1.0	-2.4268198561827603e-11	2.938304351118859e-05	-1.691355389077387e-14	1.0	1.0	-8.265009228125564e-07	-2.938304351118859e-05
-0.6825681328773499	1.2722060680389404	-0.021078795194625854	0.29296875	0.728515625	1.0	3	0.0	0	0.0	0	-2.1668030217303347e-11	1.0	-1.0486633073014673e-06	2.9383030778262764e-05	1.0486633073014673e-06	1.0	1.0	-9.144877563538323e-12	-2.9383030778262764e-05
-0.9710355401039124	1.2722060680389404	-0.021072834730148315	0.29296875	0.5283203125	1.0	3	0.0	0	0.0	0	-2.1668030217303347e-11	1.0	-1.0486633073014673e-06	2.9383030778262764e-05	1.0486633073014673e-06	1.0	1.0	-9.144877563538323e-12	-2.9383030778262764e-05
-0.9710288643836975	1.2722063064575195	0.20628193020820618	0.451171875	0.5283203125	1.0	3	0.0	0	0.0	0	-2.1668030217303347e-11	1.0	-1.0486633073014673e-06	2.9383030778262764e-05	1.0486633073014673e-06	1.0	1.0	-9.144877563538323e-12	-2.9383030778262764e-05
-0.9789043068885803	1.1878278255462646	0.21501019597053528	0.0234375	0.9677734375	1.0	3	0.0	0	0.0	0	-0.9956722855567932	0.09293381869792938	2.9138042009435594e-05	0.01018245704472065	0.10940422117710114	-0.9939452409744263	-0.09237430989742279	-0.9896434545516968	-0.10987704992294312
-0.9710288643836975	1.2722063064575195	0.20628193020820618	0.0380859375	0.8994140625	1.0	3	0.0	0	0.0	0	-0.9956722855567932	0.09293381869792938	2.9138042009435594e-05	0.010182456113398075	0.10940420627593994	-0.9939451813697815	-0.09237430989742279	-0.989643394947052	-0.10987703502178192
-0.9710355401039124	1.2722060680389404	-0.021072834730148315	0.2236328125	0.919921875	1.0	3	0.0	0	0.0	0	-0.9956722855567932	0.09293381869792938	2.9138042009435594e-05	0.010182456113398075	0.10940420627593994	-0.9939451813697815	-0.09237430989742279	-0.989643394947052	-0.10987703502178192
-0.9710355401039124	1.2722060680389404	-0.021072834730148315	0.2236328125	0.919921875	1.0	3	0.0	0	0.0	0	-0.9956728219985962	0.09292830526828766	2.715089613047894e-05	0.010302918963134289	0.11068015545606613	-0.9938026666641235	-0.0923554003238678	-0.9895020127296448	-0.11115865409374237
-0.9789109826087952	1.1878278255462646	-0.029800623655319214	0.22265625	0.990234375	1.0	3	0.0	0	0.0	0	-0.9956728219985962	0.09292830526828766	2.715089613047894e-05	0.010302918031811714	0.11068014800548553	-0.9938026666641235	-0.0923554003238678	-0.9895020127296448	-0.11115864664316177
-0.9789043068885803	1.1878278255462646	0.21501019597053528	0.0234375	0.9677734375	1.0	3	0.0	0	0.0	0	-0.9956728219985962	0.09292830526828766	2.715089613047894e-05	0.010302918963134289	0.11068015545606613	-0.9938027262687683	-0.0923554077744484	-0.9895020723342896	-0.11115865409374237
-0.9479594826698303	1.1672284603118896	0.16905012726783752	0.130859375	0.384765625	1.0	3	0.0	0	0.0	0	-9.99332200990466e-07	-1.0	-1.5351153024312225e-06	0.9999496340751648	-9.838735195444315e-07	-0.010037239640951157	0.010037239640951157	-1.54506858507375e-06	0.9999496340751648
-0.7093787789344788	1.1672284603118896	0.013738423585891724	0.32421875	0.259765625	1.0	3	0.0	0	0.0	0	-9.99332200990466e-07	-1.0	-1.5351153024312225e-06	0.9999496936798096	-9.838736332312692e-07	-0.010037240572273731	0.010037240572273731	-1.5450686987605877e-06	0.9999496936798096
-0.7093730568885803	1.1672282218933105	0.1690445840358734	0.32421875	0.38671875	1.0	3	0.0	0	0.0	0	-9.99332200990466e-07	-1.0	-1.5351153024312225e-06	0.9999496936798096	-9.838736332312692e-07	-0.010037240572273731	0.010037240572273731	-1.5450686987605877e-06	0.9999496936798096
-0.9479594826698303	1.1672284603118896	0.16905012726783752	0.130859375	0.384765625	1.0	3	0.0	0	0.0	0	1.9986744064226514e-06	-1.0	3.0702462936460506e-06	0.9999871850013733	1.983082484002807e-06	-0.005069999024271965	0.005069999024271965	3.0803403205936775e-06	0.9999871850013733
-0.9479642510414124	1.1672279834747314	0.013744145631790161	0.1318359375	0.2587890625	1.0	3	0.0	0	0.0	0	1.9986744064226514e-06	-1.0	3.0702462936460506e-06	0.9999871253967285	1.983082484002807e-06	-0.005069999024271965	0.005069999024271965	3.080340093220002e-06	0.9999871253967285
-0.7093787789344788	1.1672284603118896	0.013738423585891724	0.32421875	0.259765625	1.0	3	0.0	0	0.0	0	1.9986744064226514e-06	-1.0	3.0702462936460506e-06	0.9999871850013733	1.983082484002807e-06	-0.005069999024271965	0.005069999024271965	3.0803403205936775e-06	0.9999871850013733
-0.9789109826087952	1.1878278255462646	-0.029800623655319214	0.1455078125	0.6484375	1.0	3	0.0	0	0.0	0	-0.5541360378265381	-0.832426130771637	1.956948653969448e-05	0.8224201202392578	-0.5474787950515747	-0.15457099676132202	0.12867964804172516	-0.08563726395368576	0.9879816770553589
-0.9479642510414124	1.1672279834747314	0.013744145631790161	0.1767578125	0.6884765625	1.0	3	0.0	0	0.0	0	-0.5541360378265381	-0.832426130771637	1.956948653969448e-05	0.822420060634613	-0.5474787354469299	-0.15457098186016083	0.12867963314056396	-0.08563725650310516	0.9879816770553589
-0.9479594826698303	1.1672284603118896	0.16905012726783752	0.17578125	0.814453125	1.0	3	0.0	0	0.0	0	-0.5541360378265381	-0.832426130771637	1.956948653969448e-05	0.822420060634613	-0.5474787354469299	-0.15457098186016083	0.12867963314056396	-0.08563725650310516	0.9879816770553589
-0.674692690372467	1.1878278255462646	-0.029806822538375854	0.40234375	0.6484375	1.0	3	0.0	0	0.0	0	-8.714360774320085e-06	-0.903954029083252	-0.4276297986507416	1.0	-7.157154868764337e-10	-2.0376770407892764e-05	1.841935772972647e-05	-0.4276297986507416	0.903954029083252
-0.9479642510414124	1.1672279834747314	0.013744145631790161	0.1767578125	0.6884765625	1.0	3	0.0	0	0.0	0	-8.714360774320085e-06	-0.903954029083252	-0.4276297986507416	1.0	-7.157154868764337e-10	-2.0376770407892764e-05	1.841935772972647e-05	-0.4276297986507416	0.903954029083252
-0.9789109826087952	1.1878278255462646	-0.029800623655319214	0.1455078125	0.6484375	1.0	3	0.0	0	0.0	0	-8.714360774320085e-06	-0.903954029083252	-0.4276297986507416	1.0	-7.148913683252545e-10	-2.0376772226882167e-05	1.841935772972647e-05	-0.4276297688484192	0.9039539694786072
-0.674692690372467	1.1878278255462646	-0.029806822538375854	0.40234375	0.6484375	1.0	3	0.0	0	0.0	0	-8.449258530163206e-06	-0.9039546847343445	-0.42762845754623413	0.9999884366989136	0.0020505806896835566	-0.004354436881840229	0.004813099279999733	-0.4276234805583954	0.9039441347122192
-0.7093787789344788	1.1672284603118896	0.013738423585891724	0.369140625	0.689453125	1.0	3	0.0	0	0.0	0	-8.449258530163206e-06	-0.9039546847343445	-0.42762845754623413	0.9999884963035583	0.002050580456852913	-0.004354436881840229	0.004813099279999733	-0.4276235103607178	0.903944194316864
-0.9479642510414124	1.1672279834747314	0.013744145631790161	0.1767578125	0.6884765625	1.0	3	0.0	0	0.0	0	-8.449258530163206e-06	-0.9039546847343445	-0.42762845754623413	0.9999884366989136	0.0020505806896835566	-0.004354436881840229	0.004813099279999733	-0.4276234805583954	0.9039441347122192
-0.9789043068885803	1.1878278255462646	0.21501019597053528	0.1455078125	0.8564453125	1.0	3	0.0	0	0.0	0	7.780255145917181e-06	-0.9125343561172485	0.4090001583099365	0.9999921917915344	-0.0016173619078472257	-0.0036275743041187525	0.003971787169575691	0.40899693965911865	0.9125271439552307
-0.7093730568885803	1.1672282218933105	0.1690445840358734	0.369140625	0.81640625	1.0	3	0.0	0	0.0	0	7.780255145917181e-06	-0.9125343561172485	0.4090001583099365	0.9999920725822449	-0.0016173615586012602	-0.003627573838457465	0.003971787169575691	0.40899693965911865	0.9125270843505859
-0.6746860146522522	1.1878275871276855	0.2150038778781891	0.4033203125	0.857421875	1.0	3	0.0	0	0.0	0	7.780255145917181e-06	-0.9125343561172485	0.4090001583099365	0.9999921321868896	-0.0016173617914319038	-0.003627574071288109	0.003971786703914404	0.40899690985679626	0.9125270843505859
-0.9789043068885803	1.1878278255462646	0.21501019597053528	0.1455078125	0.8564453125	1.0	3	0.0	0	0.0	0	8.590764991822653e-06	-0.91253262758255	0.4090041220188141	0.9999521970748901	-0.003992497455328703	-0.008928698487579823	0.00978067610412836	0.4089846611022949	0.9124889373779297
-0.9479594826698303	1.1672284603118896	0.16905012726783752	0.17578125	0.814453125	1.0	3	0.0	0	0.0	0	8.590764991822653e-06	-0.91253262758255	0.4090041220188141	0.9999522566795349	-0.003992497455328703	-0.008928698487579823	0.009780675172805786	0.40898463129997253	0.9124888777732849
-0.7093730568885803	1.1672282218933105	0.1690445840358734	0.369140625	0.81640625	1.0	3	0.0	0	0.0	0	8.590764991822653e-06	-0.91253262758255	0.4090041220188141	0.9999522566795349	-0.003992497455328703	-0.008928698487579823	0.009780675172805786	0.40898463129997253	0.9124888777732849
-0.6746860146522522	1.1878275871276855	0.2150038778781891	0.4033203125	0.857421875	1.0	3	0.0	0	0.0	0	0.5106075406074524	-0.859813928604126	-1.4763581930310465e-05	0.8545112013816833	0.5074566006660461	0.11089812964200974	-0.09534426033496857	-0.05663803592324257	0.9938318133354187
-0.7093787789344788	1.1672284603118896	0.013738423585891724	0.369140625	0.689453125	1.0	3	0.0	0	0.0	0	0.5106075406074524	-0.859813928604126	-1.4763581930310465e-05	0.8545112013816833	0.5074566006660461	0.11089812964200974	-0.09534426033496857	-0.05663803592324257	0.9938318133354187
-0.674692690372467	1.1878278255462646	-0.029806822538375854	0.40234375	0.6484375	1.0	3	0.0	0	0.0	0	0.5106075406074524	-0.859813928604126	-1.4763581930310465e-05	0.8545112609863281	0.5074566006660461	0.11089814454317093	-0.09534426033496857	-0.05663803592324257	0.9938317537307739
-0.6746860146522522	1.1878275871276855	0.2150038778781891	0.4033203125	0.857421875	1.0	3	0.0	0	0.0	0	0.5106305480003357	-0.8598002195358276	-2.0133418729528785e-05	0.8551406860351562	0.5078657269477844	-0.10395599901676178	0.08939161151647568	0.053065892308950424	0.994581937789917
-0.7093730568885803	1.1672282218933105	0.1690445840358734	0.369140625	0.81640625	1.0	3	0.0	0	0.0	0	0.5106305480003357	-0.8598002195358276	-2.0133418729528785e-05	0.855140745639801	0.5078657269477844	-0.10395600646734238	0.08939161151647568	0.053065892308950424	0.994581937789917
-0.7093787789344788	1.1672284603118896	0.013738423585891724	0.369140625	0.689453125	1.0	3	0.0	0	0.0	0	0.5106305480003357	-0.8598002195358276	-2.0133418729528785e-05	0.8551406860351562	0.5078656673431396	-0.10395599156618118	0.08939160406589508	0.05306588485836983	0.994581937789917
0.20973438024520874	0.15926575660705566	-0.06946703791618347	0.3212890625	0.5244140625	1.0	17	0.0	0	0.0	0	0.00022544343664776534	-0.22388552129268646	-0.9746154546737671	-0.013413678854703903	-0.9745284914970398	0.2238624393939972	-0.9999099969863892	0.01302270870655775	-0.003222829196602106
0.5091313719749451	0.0009157657623291016	-0.033022135496139526	0.390625	0.658203125	1.0	17	0.0	0	0.0	0	0.00022544343664776534	-0.22388552129268646	-0.9746154546737671	-0.013413678854703903	-0.974528431892395	0.223862424492836	-0.9999100565910339	0.0130227105692029	-0.0032228296622633934
0.20975536108016968	0.0008623600006103516	-0.0330791175365448	0.3935546875	0.525390625	1.0	17	0.0	0	0.0	0	0.00022544343664776534	-0.22388552129268646	-0.9746154546737671	-0.013413678854703903	-0.974528431892395	0.223862424492836	-0.9999100565910339	0.0130227105692029	-0.0032228296622633934
0.5091313719749451	0.0009157657623291016	-0.033022135496139526	0.390625	0.658203125	1.0	17	0.0	0	0.0	0	0.00022544343664776534	-0.22388552129268646	-0.9746154546737671	-0.11336519569158554	-0.9683381915092468	0.22241730988025665	-0.9935534000396729	0.11043732613325119	-0.025599131360650063
0.20973438024520874	0.15926575660705566	-0.06946703791618347	0.3212890625	0.5244140625	1.0	17	0.0	0	0.0	0	0.00022544343664776534	-0.22388552129268646	-0.9746154546737671	-0.11336519569158554	-0.9683381915092468	0.22241730988025665	-0.9935534000396729	0.11043732613325119	-0.025599131360650063
0.5091103911399841	0.15931916236877441	-0.0694100558757782	0.3212890625	0.650390625	1.0	17	0.0	0	0.0	0	0.00022544343664776534	-0.22388552129268646	-0.9746154546737671	-0.11336518824100494	-0.9683381915092468	0.22241730988025665	-0.9935534000396729	0.1104373186826706	-0.025599129498004913
0.20961493253707886	0.12753510475158691	0.5881822109222412	0.107421875	0.8212890625	1.0	17	0.0	0	0.0	0	-0.00025344666210003197	0.5014975666999817	0.8651590347290039	0.48753800988197327	0.7554339170455933	-0.43775156140327454	-0.8731017708778381	0.42168697714805603	-0.24469059705734253
0.5089988112449646	0.0049364566802978516	0.6593353748321533	0.1181640625	0.970703125	1.0	17	0.0	0	0.0	0	-0.00025344666210003197	0.5014975666999817	0.8651590347290039	0.4875379800796509	0.7554338574409485	-0.43775153160095215	-0.8731017112731934	0.42168694734573364	-0.24469058215618134
0.5089907050132751	0.12758851051330566	0.5882389545440674	0.173828125	0.939453125	1.0	17	0.0	0	0.0	0	-0.00025344666210003197	0.5014975666999817	0.8651590347290039	0.4875379800796509	0.7554338574409485	-0.43775153160095215	-0.8731017112731934	0.42168694734573364	-0.24469058215618134
0.5089988112449646	0.0049364566802978516	0.6593353748321533	0.1181640625	0.970703125	1.0	17	0.0	0	0.0	0	-0.00025024564820341766	0.5015034675598145	0.8651556968688965	0.5021442770957947	0.7482356429100037	-0.4335833489894867	-0.8647838830947876	0.4343244731426239	-0.2520143389701843
0.20961493253707886	0.12753510475158691	0.5881822109222412	0.107421875	0.8212890625	1.0	17	0.0	0	0.0	0	-0.00025024564820341766	0.5015034675598145	0.8651556968688965	0.5021442770957947	0.7482356429100037	-0.4335833489894867	-0.8647838830947876	0.4343244731426239	-0.2520143389701843
0.2096228003501892	0.004884958267211914	0.6592786312103271	0.05078125	0.853515625	1.0	17	0.0	0	0.0	0	-0.00025024564820341766	0.5015034675598145	0.8651556968688965	0.5021442770957947	0.7482356429100037	-0.4335833489894867	-0.864783763885498	0.4343244135379791	-0.25201430916786194
0.2096228003501892	0.004884958267211914	0.6592786312103271	0.3095703125	0.837890625	1.0	17	0.0	0	0.0	0	0.00017091611516661942	-0.9999830722808838	0.005807181354612112	-1.0	-0.00017201971786562353	-0.0001895396417239681	0.00019053537107538432	-0.0058071487583220005	-0.9999830722808838
0.5091313719749451	0.0009157657623291016	-0.033022135496139526	0.173828125	0.5244140625	1.0	17	0.0	0	0.0	0	0.00017091611516661942	-0.9999830722808838	0.005807181354612112	-1.0	-0.00017201971786562353	-0.0001895396417239681	0.00019053537107538432	-0.0058071487583220005	-0.9999830722808838
0.5089988112449646	0.0049364566802978516	0.6593353748321533	0.173828125	0.837890625	1.0	17	0.0	0	0.0	0	0.00017091611516661942	-0.9999830722808838	0.005807181354612112	-0.9999999403953552	-0.0001720197033137083	-0.0001895396417239681	0.00019053540017921478	-0.0058071487583220005	-0.9999831318855286
0.5091313719749451	0.0009157657623291016	-0.033022135496139526	0.173828125	0.5244140625	1.0	17	0.0	0	0.0	0	0.0001772816467564553	-0.9999831914901733	0.00580993527546525	-1.0	-0.00017839050269685686	-0.00019033602438867092	0.00019136923947371542	-0.0058099012821912766	-0.9999831318855286
0.2096228003501892	0.004884958267211914	0.6592786312103271	0.3095703125	0.837890625	1.0	17	0.0	0	0.0	0	0.0001772816467564553	-0.9999831914901733	0.00580993527546525	-1.0	-0.00017839050269685686	-0.00019033602438867092	0.00019136923947371542	-0.0058099012821912766	-0.9999831318855286
0.20975536108016968	0.0008623600006103516	-0.0330791175365448	0.3095703125	0.5244140625	1.0	17	0.0	0	0.0	0	0.0001772816467564553	-0.9999831914901733	0.00580993527546525	-1.0	-0.00017839050269685686	-0.00019033602438867092	0.00019136923947371542	-0.0058099012821912766	-0.9999831318855286
0.20961493253707886	0.12753510475158691	0.5881822109222412	0.107421875	0.8212890625	1.0	17	0.0	0	0.0	0	-0.9999999403953552	-0.00017454545013606548	-0.00019044862710870802	-0.00017467007273808122	0.9999997615814209	0.0006545255309902132	0.00019033433636650443	0.0006545587093569338	-0.9999997615814209
0.20975536108016968	0.0008623600006103516	-0.0330791175365448	0.05078125	0.5400390625	1.0	17	0.0	0	0.0	0	-0.9999999403953552	-0.00017454545013606548	-0.00019044862710870802	-0.00017467007273808122	0.9999997615814209	0.0006545255891978741	0.00019033433636650443	0.0006545587675645947	-0.9999997615814209
0.2096228003501892	0.004884958267211914	0.6592786312103271	0.05078125	0.853515625	1.0	17	0.0	0	0.0	0	-0.9999999403953552	-0.00017454545013606548	-0.00019044862710870802	-0.00017467007273808122	0.9999997615814209	0.0006545255891978741	0.00019033433636650443	0.0006545587675645947	-0.9999997615814209
0.20975536108016968	0.0008623600006103516	-0.0330791175365448	0.05078125	0.5400390625	1.0	17	0.0	0	0.0	0	-1.0	-0.0001761271123541519	-0.00019012617121916264	-0.00017396302428096533	0.9999359250068665	-0.01132296770811081	0.0001921082439366728	-0.011322933249175549	-0.9999358654022217
0.20961493253707886	0.12753510475158691	0.5881822109222412	0.107421875	0.8212890625	1.0	17	0.0	0	0.0	0	-1.0	-0.0001761271123541519	-0.00019012617121916264	-0.00017396302428096533	0.9999359250068665	-0.01132296770811081	0.0001921082439366728	-0.011322933249175549	-0.9999358654022217
0.20973438024520874	0.15926575660705566	-0.06946703791618347	0.123046875	0.5244140625	1.0	17	0.0	0	0.0	0	-1.0	-0.0001761271123541519	-0.00019012617121916264	-0.00017396302428096533	0.9999359250068665	-0.01132296770811081	0.0001921082439366728	-0.011322933249175549	-0.9999358654022217
0.5089988112449646	0.0049364566802978516	0.6593353748321533	0.380859375	0.9814453125	1.0	17	0.0	0	0.0	0	1.0	0.0001765209308359772	0.00019050778064411134	0.0001946935517480597	-0.9949835538864136	-0.10003860294818878	0.00017189318896271288	0.10003862529993057	-0.9949834942817688
0.5091103911399841	0.15931916236877441	-0.0694100558757782	0.3212890625	0.650390625	1.0	17	0.0	0	0.0	0	1.0	0.0001765209308359772	0.00019050778064411134	0.0001946935517480597	-0.9949835538864136	-0.10003859549760818	0.00017189318896271288	0.10003861784934998	-0.9949834942817688
0.5089907050132751	0.12758851051330566	0.5882389545440674	0.3212890625	0.9443359375	1.0	17	0.0	0	0.0	0	1.0	0.0001765209308359772	0.00019050778064411134	0.00019469358085189015	-0.9949836134910583	-0.10003860294818878	0.00017189318896271288	0.10003862529993057	-0.9949835538864136
0.5091103911399841	0.15931916236877441	-0.0694100558757782	0.3212890625	0.650390625	1.0	17	0.0	0	0.0	0	1.0	0.00017619910067878664	0.0001904395903693512	0.00015142471238505095	-0.9923994541168213	0.12305834889411926	0.00021067491616122425	-0.12305831909179688	-0.9923994541168213
0.5089988112449646	0.0049364566802978516	0.6593353748321533	0.380859375	0.9814453125	1.0	17	0.0	0	0.0	0	1.0	0.00017619910067878664	0.0001904395903693512	0.00015142472693696618	-0.9923995137214661	0.12305835634469986	0.00021067491616122425	-0.12305831164121628	-0.9923993945121765
0.5091313719749451	0.0009157657623291016	-0.033022135496139526	0.390625	0.658203125	1.0	17	0.0	0	0.0	0	1.0	0.00017619910067878664	0.0001904395903693512	0.00015142471238505095	-0.9923994541168213	0.12305834889411926	0.00021067491616122425	-0.12305831909179688	-0.9923994541168213
0.5091046690940857	0.18326783180236816	-0.060837000608444214	0.3095703125	0.6513671875	1.0	17	0.0	0	0.0	0	0.00012047735071973875	0.337016761302948	-0.9414986371994019	0.00023416208568960428	-0.9414986968040466	-0.3370167315006256	-0.9999999403953552	-0.0001798603916540742	-0.00019234578940086067
0.20973438024520874	0.15926575660705566	-0.06946703791618347	0.3212890625	0.5244140625	1.0	17	0.0	0	0.0	0	0.00012047735071973875	0.337016761302948	-0.9414986371994019	0.00023416207113768905	-0.9414986371994019	-0.3370167315006256	-1.0	-0.0001798603916540742	-0.0001923458039527759
0.2097284197807312	0.18321633338928223	-0.060893744230270386	0.3095703125	0.5244140625	1.0	17	0.0	0	0.0	0	0.00012047735071973875	0.337016761302948	-0.9414986371994019	0.00023416207113768905	-0.9414985775947571	-0.3370167315006256	-1.0	-0.00017986040620598942	-0.00019234581850469112
0.20973438024520874	0.15926575660705566	-0.06946703791618347	0.3212890625	0.5244140625	1.0	17	0.0	0	0.0	0	0.00011907608131878078	0.3370321989059448	-0.9414930939674377	0.091081902384758	-0.9375834465026855	-0.3356211185455322	-0.9958434700965881	-0.08571301400661469	-0.030809178948402405
0.5091046690940857	0.18326783180236816	-0.060837000608444214	0.3095703125	0.6513671875	1.0	17	0.0	0	0.0	0	0.00011907608131878078	0.3370321989059448	-0.9414930939674377	0.0910818949341774	-0.9375834465026855	-0.3356211185455322	-0.9958434700965881	-0.08571301400661469	-0.030809175223112106
0.5091103911399841	0.15931916236877441	-0.0694100558757782	0.3212890625	0.650390625	1.0	17	0.0	0	0.0	0	0.00011907608131878078	0.3370321989059448	-0.9414930939674377	0.0910818949341774	-0.9375833868980408	-0.33562108874320984	-0.9958434104919434	-0.08571300655603409	-0.030809175223112106
0.20965784788131714	0.16133713722229004	0.33120694756507874	0.173828125	0.9736328125	1.0	17	0.0	0	0.0	0	-0.0002016399521380663	0.9914594888687134	0.1304146945476532	-0.00016560213407501578	-0.13041472434997559	0.9914594888687134	0.9999999403953552	0.00017832090088631958	0.000190484628546983
0.5089907050132751	0.12758851051330566	0.5882389545440674	0.2919921875	0.837890625	1.0	17	0.0	0	0.0	0	-0.0002016399521380663	0.9914594888687134	0.1304146945476532	-0.00016560211952310055	-0.13041472434997559	0.9914594888687134	1.0	0.0001783209154382348	0.000190484628546983
0.5090336203575134	0.1613905429840088	0.33126381039619446	0.173828125	0.837890625	1.0	17	0.0	0	0.0	0	-0.0002016399521380663	0.9914594888687134	0.1304146945476532	-0.00016560213407501578	-0.13041472434997559	0.9914594888687134	0.9999999403953552	0.00017832090088631958	0.000190484628546983
0.5089907050132751	0.12758851051330566	0.5882389545440674	0.2919921875	0.837890625	1.0	17	0.0	0	0.0	0	-0.00020157982362434268	0.9914594888687134	0.13041463494300842	-0.00016560207586735487	-0.130414679646492	0.9914596080780029	1.0	0.00017826132534537464	0.000190476726857014
0.20965784788131714	0.16133713722229004	0.33120694756507874	0.173828125	0.9736328125	1.0	17	0.0	0	0.0	0	-0.00020157982362434268	0.9914594888687134	0.13041463494300842	-0.00016560206131543964	-0.130414679646492	0.9914596080780029	1.0	0.00017826132534537464	0.00019047671230509877
0.20961493253707886	0.12753510475158691	0.5881822109222412	0.2919921875	0.9736328125	1.0	17	0.0	0	0.0	0	-0.00020157982362434268	0.9914594888687134	0.13041463494300842	-0.00016560206131543964	-0.1304146647453308	0.9914595484733582	1.0	0.00017826132534537464	0.00019047669775318354
0.2097284197807312	0.18321633338928223	-0.060893744230270386	0.1337890625	0.5283203125	1.0	17	0.0	0	0.0	0	-1.0	-0.00017140984709840268	-0.00018954875122290105	-0.00014337003813125193	0.9902735948562622	-0.13913366198539734	0.0002115539973601699	-0.13913363218307495	-0.9902735948562622
0.20961493253707886	0.12753510475158691	0.5881822109222412	0.107421875	0.8212890625	1.0	17	0.0	0	0.0	0	-1.0	-0.00017140984709840268	-0.00018954875122290105	-0.00014337003813125193	0.990273654460907	-0.13913367688655853	0.00021155402646400034	-0.13913364708423615	-0.990273654460907
0.20965784788131714	0.16133713722229004	0.33120694756507874	0.123046875	0.7060546875	1.0	17	0.0	0	0.0	0	-1.0	-0.00017140984709840268	-0.00018954875122290105	-0.00014337003813125193	0.9902735948562622	-0.13913367688655853	0.00021155401191208512	-0.13913364708423615	-0.9902735948562622
